#	time [s]	height of hand [mm]	height of target [mm]	activity	x_0	x_1	x_2	x_3	x_4	x_5	x_6	x_7	x_8	x_9
	0	-241.167	0	1.00334	0.0370395	0.0439875	0.0605028	0.0743667	0.0349091	0.103165	0.0992257	0.0222824	0.125996	0.0164992
	0.01	-241.167	0	1.00334	0.0370395	0.0439875	0.0605028	0.0743667	0.0349091	0.103165	0.0992257	0.0222824	0.125996	0.0164992
	0.02	-241.167	0	1.00334	0.0370395	0.0439875	0.0605028	0.0743667	0.0349091	0.103165	0.0992257	0.0222824	0.125996	0.0164992
	0.03	-241.167	0	1.00334	0.0370395	0.0439875	0.0605028	0.0743667	0.0349091	0.103165	0.0992257	0.0222824	0.125996	0.0164992
	0.04	-241.167	0	1.00334	0.0370395	0.0439875	0.0605028	0.0743667	0.0349091	0.103165	0.0992257	0.0222824	0.125996	0.0164992
	0.05	-241.167	0	1.00334	0.0370395	0.0439875	0.0605028	0.0743667	0.0349091	0.103165	0.0992257	0.0222824	0.125996	0.0164992
	0.06	-241.167	0	1.00334	0.0370395	0.0439875	0.0605028	0.0743667	0.0349091	0.103165	0.0992257	0.0222824	0.125996	0.0164992
	0.07	-241.167	0	1.00334	0.0370395	0.0439875	0.0605028	0.0743667	0.0349091	0.103165	0.0992257	0.0222824	0.125996	0.0164992
	0.08	-241.167	0	1.00334	0.0370395	0.0439875	0.0605028	0.0743667	0.0349091	0.103165	0.0992257	0.0222824	0.125996	0.0164992
	0.09	-241.167	0	1.00334	0.0370395	0.0439875	0.0605028	0.0743667	0.0349091	0.103165	0.0992257	0.0222824	0.125996	0.0164992
	0.1	-241.167	0	1.00334	0.0370395	0.0439875	0.0605028	0.0743667	0.0349091	0.103165	0.0992257	0.0222824	0.125996	0.0164992
	0.11	-241.167	0	1.00334	0.0370395	0.0439875	0.0605028	0.0743667	0.0349091	0.103165	0.0992257	0.0222824	0.125996	0.0164992
	0.12	-241.167	0	1.00334	0.0370395	0.0439875	0.0605028	0.0743667	0.0349091	0.103165	0.0992257	0.0222824	0.125996	0.0164992
	0.13	-241.167	0	1.00334	0.0370395	0.0439875	0.0605028	0.0743667	0.0349091	0.103165	0.0992257	0.0222824	0.125996	0.0164992
	0.14	-241.167	0	1.00334	0.0370395	0.0439875	0.0605028	0.0743667	0.0349091	0.103165	0.0992257	0.0222824	0.125996	0.0164992
	0.15	-241.167	0	1.00334	0.0370395	0.0439875	0.0605028	0.0743667	0.0349091	0.103165	0.0992257	0.0222824	0.125996	0.0164992
	0.16	-241.167	0	1.00334	0.0370395	0.0439875	0.0605028	0.0743667	0.0349091	0.103165	0.0992257	0.0222824	0.125996	0.0164992
	0.17	-241.167	0	1.00334	0.0370395	0.0439875	0.0605028	0.0743667	0.0349091	0.103165	0.0992257	0.0222824	0.125996	0.0164992
	0.18	-241.167	0	1.00334	0.0370395	0.0439875	0.0605028	0.0743667	0.0349091	0.103165	0.0992257	0.0222824	0.125996	0.0164992
	0.19	-241.167	0	1.00334	0.0370395	0.0439875	0.0605028	0.0743667	0.0349091	0.103165	0.0992257	0.0222824	0.125996	0.0164992
	0.2	-241.167	0	1.00334	0.0370395	0.0439875	0.0605028	0.0743667	0.0349091	0.103165	0.0992257	0.0222824	0.125996	0.0164992
	0.21	-241.167	0	1.00334	0.0370395	0.0439875	0.0605028	0.0743667	0.0349091	0.103165	0.0992257	0.0222824	0.125996	0.0164992
	0.22	-241.167	0	1.00334	0.0370395	0.0439875	0.0605028	0.0743667	0.0349091	0.103165	0.0992257	0.0222824	0.125996	0.0164992
	0.23	-241.167	0	1.00334	0.0370395	0.0439875	0.0605028	0.0743667	0.0349091	0.103165	0.0992257	0.0222824	0.125996	0.0164992
	0.24	-241.166	0	1.00334	0.0370395	0.0439875	0.0605028	0.0743667	0.0349091	0.103165	0.0992257	0.0222824	0.125996	0.0164992
	0.25	-241.166	0	1.00334	0.0370395	0.0439875	0.0605028	0.0743667	0.0349091	0.103165	0.0992257	0.0222824	0.125996	0.0164992
	0.26	-241.166	0	1.00334	0.0370395	0.0439875	0.0605028	0.0743667	0.0349091	0.103165	0.0992257	0.0222824	0.125996	0.0164992
	0.27	-241.165	0	1.00334	0.0370395	0.0439875	0.0605028	0.0743667	0.0349091	0.103165	0.0992257	0.0222824	0.125996	0.0164992
	0.28	-241.165	0	1.00334	0.0370395	0.0439875	0.0605028	0.0743667	0.0349091	0.103165	0.0992257	0.0222824	0.125996	0.0164992
	0.29	-241.165	0	1.00334	0.0370395	0.0439875	0.0605028	0.0743667	0.0349091	0.103165	0.0992257	0.0222824	0.125996	0.0164992
	0.3	-241.165	0	1.00334	0.0370395	0.0439875	0.0605028	0.0743667	0.0349091	0.103165	0.0992257	0.0222824	0.125996	0.0164992
	0.31	-241.164	0	1.00334	0.0370395	0.0439875	0.0605028	0.0743667	0.0349091	0.103165	0.0992257	0.0222824	0.125996	0.0164992
	0.32	-241.164	0	1.00334	0.0370395	0.0439875	0.0605028	0.0743667	0.0349091	0.103165	0.0992257	0.0222824	0.125996	0.0164992
	0.33	-241.164	0	1.00334	0.0370395	0.0439875	0.0605028	0.0743667	0.0349091	0.103165	0.0992257	0.0222824	0.125996	0.0164992
	0.34	-241.164	0	1.00334	0.0370395	0.0439875	0.0605028	0.0743667	0.0349091	0.103165	0.0992257	0.0222824	0.125996	0.0164992
	0.35	-241.163	0	1.00334	0.0370395	0.0439875	0.0605028	0.0743667	0.0349091	0.103165	0.0992257	0.0222824	0.125996	0.0164992
	0.36	-241.163	0	1.00334	0.0370395	0.0439875	0.0605028	0.0743667	0.0349091	0.103165	0.0992257	0.0222824	0.125996	0.0164992
	0.37	-241.163	0	1.00334	0.0370395	0.0439875	0.0605028	0.0743667	0.0349091	0.103165	0.0992257	0.0222824	0.125996	0.0164992
	0.38	-241.163	0	1.00334	0.0370395	0.0439875	0.0605028	0.0743667	0.0349091	0.103165	0.0992257	0.0222824	0.125996	0.0164992
	0.39	-241.162	0	1.00334	0.0370395	0.0439875	0.0605028	0.0743667	0.0349091	0.103165	0.0992257	0.0222824	0.125996	0.0164992
	0.4	-241.162	0	1.00334	0.0370395	0.0439875	0.0605028	0.0743667	0.0349091	0.103165	0.0992257	0.0222824	0.125996	0.0164992
	0.41	-241.161	0	1.00334	0.0370395	0.0439875	0.0605028	0.0743667	0.0349091	0.103165	0.0992257	0.0222824	0.125996	0.0164992
	0.42	-241.161	0	1.00334	0.0370395	0.0439875	0.0605028	0.0743667	0.0349091	0.103165	0.0992257	0.0222824	0.125996	0.0164992
	0.43	-241.16	0	1.00334	0.0370395	0.0439875	0.0605028	0.0743667	0.0349091	0.103165	0.0992257	0.0222824	0.125996	0.0164992
	0.44	-241.159	0	1.00334	0.0370395	0.0439875	0.0605028	0.0743667	0.0349091	0.103165	0.0992257	0.0222824	0.125996	0.0164992
	0.45	-241.158	0	1.00334	0.0370395	0.0439875	0.0605028	0.0743667	0.0349091	0.103165	0.0992257	0.0222824	0.125996	0.0164992
	0.46	-241.157	0	1.00334	0.0370395	0.0439875	0.0605028	0.0743667	0.0349091	0.103165	0.0992257	0.0222824	0.125996	0.0164992
	0.47	-241.155	0	1.00334	0.0370395	0.0439875	0.0605028	0.0743667	0.0349091	0.103165	0.0992257	0.0222824	0.125996	0.0164992
	0.48	-241.154	0	1.00334	0.0370395	0.0439875	0.0605028	0.0743667	0.0349091	0.103165	0.0992257	0.0222824	0.125996	0.0164992
	0.49	-241.153	0	1.00334	0.0370395	0.0439875	0.0605028	0.0743667	0.0349091	0.103165	0.0992257	0.0222824	0.125996	0.0164992
	0.5	-241.151	0	1.00334	0.0370395	0.0439875	0.0605028	0.0743667	0.0349091	0.103165	0.0992257	0.0222824	0.125996	0.0164992
	0.51	-241.15	0	1.00334	0.0370395	0.0439875	0.0605028	0.0743667	0.0349091	0.103165	0.0992257	0.0222824	0.125996	0.0164992
	0.52	-241.148	0	1.00334	0.0370395	0.0439875	0.0605028	0.0743667	0.0349091	0.103165	0.0992257	0.0222824	0.125996	0.0164992
	0.53	-241.146	0	1.00334	0.0370395	0.0439875	0.0605028	0.0743667	0.0349091	0.103165	0.0992257	0.0222824	0.125996	0.0164992
	0.54	-241.145	0	1.00334	0.0370395	0.0439875	0.0605028	0.0743667	0.0349091	0.103165	0.0992257	0.0222824	0.125996	0.0164992
	0.55	-241.144	0	1.00334	0.0370395	0.0439875	0.0605028	0.0743667	0.0349091	0.103165	0.0992257	0.0222824	0.125996	0.0164992
	0.56	-241.142	0	1.00334	0.0370395	0.0439875	0.0605028	0.0743667	0.0349091	0.103165	0.0992257	0.0222824	0.125996	0.0164992
	0.57	-241.141	0	1.00334	0.0370395	0.0439875	0.0605028	0.0743667	0.0349091	0.103165	0.0992257	0.0222824	0.125996	0.0164992
	0.58	-241.139	0	1.00334	0.0370395	0.0439875	0.0605028	0.0743667	0.0349091	0.103165	0.0992257	0.0222824	0.125996	0.0164992
	0.59	-241.138	0	1.00334	0.0370395	0.0439875	0.0605028	0.0743667	0.0349091	0.103165	0.0992257	0.0222824	0.125996	0.0164992
	0.6	-241.136	0	1.00334	0.0370395	0.0439875	0.0605028	0.0743667	0.0349091	0.103165	0.0992257	0.0222824	0.125996	0.0164992
	0.61	-241.134	0	1.00334	0.0370395	0.0439875	0.0605028	0.0743667	0.0349091	0.103165	0.0992257	0.0222824	0.125996	0.0164992
	0.62	-241.131	0	1.00334	0.0370395	0.0439875	0.0605028	0.0743667	0.0349091	0.103165	0.0992257	0.0222824	0.125996	0.0164992
	0.63	-241.128	0	1.00334	0.0370395	0.0439875	0.0605028	0.0743667	0.0349091	0.103165	0.0992257	0.0222824	0.125996	0.0164992
	0.64	-241.125	0	1.00334	0.0370395	0.0439875	0.0605028	0.0743667	0.0349091	0.103165	0.0992257	0.0222824	0.125996	0.0164992
	0.65	-241.122	0	1.00334	0.0370395	0.0439875	0.0605028	0.0743667	0.0349091	0.103165	0.0992257	0.0222824	0.125996	0.0164992
	0.66	-241.118	0	1.00334	0.0370395	0.0439875	0.0605028	0.0743667	0.0349091	0.103165	0.0992257	0.0222824	0.125996	0.0164992
	0.67	-241.114	0	1.00334	0.0370395	0.0439875	0.0605028	0.0743667	0.0349091	0.103165	0.0992257	0.0222824	0.125996	0.0164992
	0.68	-241.11	0	1.00334	0.0370395	0.0439875	0.0605028	0.0743667	0.0349091	0.103165	0.0992257	0.0222824	0.125996	0.0164992
	0.69	-241.105	0	1.00334	0.0370395	0.0439875	0.0605028	0.0743667	0.0349091	0.103165	0.0992257	0.0222824	0.125996	0.0164992
	0.7	-241.1	0	1.00334	0.0370395	0.0439875	0.0605028	0.0743667	0.0349091	0.103165	0.0992257	0.0222824	0.125996	0.0164992
	0.71	-241.095	0	1.00334	0.0370395	0.0439875	0.0605028	0.0743667	0.0349091	0.103165	0.0992257	0.0222824	0.125996	0.0164992
	0.72	-241.089	0	1.00334	0.0370395	0.0439875	0.0605028	0.0743667	0.0349091	0.103165	0.0992257	0.0222824	0.125996	0.0164992
	0.73	-241.082	0	1.00334	0.0370395	0.0439875	0.0605028	0.0743667	0.0349091	0.103165	0.0992257	0.0222824	0.125996	0.0164992
	0.74	-241.076	0	1.00334	0.0370395	0.0439875	0.0605028	0.0743667	0.0349091	0.103165	0.0992257	0.0222824	0.125996	0.0164992
	0.75	-241.068	0	1.00334	0.0370395	0.0439875	0.0605028	0.0743667	0.0349091	0.103165	0.0992257	0.0222824	0.125996	0.0164992
	0.76	-241.061	0	1.00334	0.0370395	0.0439875	0.0605028	0.0743667	0.0349091	0.103165	0.0992257	0.0222824	0.125996	0.0164992
	0.77	-241.053	0	1.00334	0.0370395	0.0439875	0.0605028	0.0743667	0.0349091	0.103165	0.0992257	0.0222824	0.125996	0.0164992
	0.78	-241.046	0	1.00334	0.0370395	0.0439875	0.0605028	0.0743667	0.0349091	0.103165	0.0992257	0.0222824	0.125996	0.0164992
	0.79	-241.037	0	1.00334	0.0370395	0.0439875	0.0605028	0.0743667	0.0349091	0.103165	0.0992257	0.0222824	0.125996	0.0164992
	0.8	-241.029	0	1.00334	0.0370395	0.0439875	0.0605028	0.0743667	0.0349091	0.103165	0.0992257	0.0222824	0.125996	0.0164992
	0.81	-241.02	0	1.00334	0.0370395	0.0439875	0.0605028	0.0743667	0.0349091	0.103165	0.0992257	0.0222824	0.125996	0.0164992
	0.82	-241.01	0	1.00334	0.0370395	0.0439875	0.0605028	0.0743667	0.0349091	0.103165	0.0992257	0.0222824	0.125996	0.0164992
	0.83	-241	0	1.00334	0.0370395	0.0439875	0.0605028	0.0743667	0.0349091	0.103165	0.0992257	0.0222824	0.125996	0.0164992
	0.84	-240.99	0	1.00334	0.0370395	0.0439875	0.0605028	0.0743667	0.0349091	0.103165	0.0992257	0.0222824	0.125996	0.0164992
	0.85	-240.98	0	1.00334	0.0370395	0.0439875	0.0605028	0.0743667	0.0349091	0.103165	0.0992257	0.0222824	0.125996	0.0164992
	0.86	-240.968	0	1.00334	0.0370395	0.0439875	0.0605028	0.0743667	0.0349091	0.103165	0.0992257	0.0222824	0.125996	0.0164992
	0.87	-240.957	0	1.00334	0.0370395	0.0439875	0.0605028	0.0743667	0.0349091	0.103165	0.0992257	0.0222824	0.125996	0.0164992
	0.88	-240.945	0	1.00334	0.0370395	0.0439875	0.0605028	0.0743667	0.0349091	0.103165	0.0992257	0.0222824	0.125996	0.0164992
	0.89	-240.932	0	1.00334	0.0370395	0.0439875	0.0605028	0.0743667	0.0349091	0.103165	0.0992257	0.0222824	0.125996	0.0164992
	0.9	-240.919	0	1.00334	0.0370395	0.0439875	0.0605028	0.0743667	0.0349091	0.103165	0.0992257	0.0222824	0.125996	0.0164992
	0.91	-240.906	0	1.00334	0.0370395	0.0439875	0.0605028	0.0743667	0.0349091	0.103165	0.0992257	0.0222824	0.125996	0.0164992
	0.92	-240.892	0	1.00334	0.0370395	0.0439875	0.0605028	0.0743667	0.0349091	0.103165	0.0992257	0.0222824	0.125996	0.0164992
	0.93	-240.877	0	1.00334	0.0370395	0.0439875	0.0605028	0.0743667	0.0349091	0.103165	0.0992257	0.0222824	0.125996	0.0164992
	0.94	-240.863	0	1.00334	0.0370395	0.0439875	0.0605028	0.0743667	0.0349091	0.103165	0.0992257	0.0222824	0.125996	0.0164992
	0.95	-240.847	0	1.00334	0.0370395	0.0439875	0.0605028	0.0743667	0.0349091	0.103165	0.0992257	0.0222824	0.125996	0.0164992
	0.96	-240.832	0	1.00334	0.0370395	0.0439875	0.0605028	0.0743667	0.0349091	0.103165	0.0992257	0.0222824	0.125996	0.0164992
	0.97	-240.815	0	1.00334	0.0370395	0.0439875	0.0605028	0.0743667	0.0349091	0.103165	0.0992257	0.0222824	0.125996	0.0164992
	0.98	-240.799	0	1.00334	0.0370395	0.0439875	0.0605028	0.0743667	0.0349091	0.103165	0.0992257	0.0222824	0.125996	0.0164992
	0.99	-240.782	0	1.00334	0.0370395	0.0439875	0.0605028	0.0743667	0.0349091	0.103165	0.0992257	0.0222824	0.125996	0.0164992
	1	-240.764	0	1.00334	0.0370395	0.0439875	0.0605028	0.0743667	0.0349091	0.103165	0.0992257	0.0222824	0.125996	0.0164992
	1.01	-240.746	0	1.00334	0.0370395	0.0439875	0.0605028	0.0743667	0.0349091	0.103165	0.0992257	0.0222824	0.125996	0.0164992
	1.02	-240.727	0	1.00334	0.0370395	0.0439875	0.0605028	0.0743667	0.0349091	0.103165	0.0992257	0.0222824	0.125996	0.0164992
	1.03	-240.708	0	1.00334	0.0370395	0.0439875	0.0605028	0.0743667	0.0349091	0.103165	0.0992257	0.0222824	0.125996	0.0164992
	1.04	-240.688	0	1.00334	0.0370395	0.0439875	0.0605028	0.0743667	0.0349091	0.103165	0.0992257	0.0222824	0.125996	0.0164992
	1.05	-240.668	0	1.00334	0.0370395	0.0439875	0.0605028	0.0743667	0.0349091	0.103165	0.0992257	0.0222824	0.125996	0.0164992
	1.06	-240.647	0	1.00334	0.0370395	0.0439875	0.0605028	0.0743667	0.0349091	0.103165	0.0992257	0.0222824	0.125996	0.0164992
	1.07	-240.625	0	1.00334	0.0370395	0.0439875	0.0605028	0.0743667	0.0349091	0.103165	0.0992257	0.0222824	0.125996	0.0164992
	1.08	-240.603	0	1.00334	0.0370395	0.0439875	0.0605028	0.0743667	0.0349091	0.103165	0.0992257	0.0222824	0.125996	0.0164992
	1.09	-240.581	0	1.00334	0.0370395	0.0439875	0.0605028	0.0743667	0.0349091	0.103165	0.0992257	0.0222824	0.125996	0.0164992
	1.1	-240.557	0	1.00334	0.0370395	0.0439875	0.0605028	0.0743667	0.0349091	0.103165	0.0992257	0.0222824	0.125996	0.0164992
	1.11	-240.534	0	1.00334	0.0370395	0.0439875	0.0605028	0.0743667	0.0349091	0.103165	0.0992257	0.0222824	0.125996	0.0164992
	1.12	-240.509	0	1.00334	0.0370395	0.0439875	0.0605028	0.0743667	0.0349091	0.103165	0.0992257	0.0222824	0.125996	0.0164992
	1.13	-240.484	0	1.00334	0.0370395	0.0439875	0.0605028	0.0743667	0.0349091	0.103165	0.0992257	0.0222824	0.125996	0.0164992
	1.14	-240.458	0	1.00334	0.0370395	0.0439875	0.0605028	0.0743667	0.0349091	0.103165	0.0992257	0.0222824	0.125996	0.0164992
	1.15	-240.432	0	1.00334	0.0370395	0.0439875	0.0605028	0.0743667	0.0349091	0.103165	0.0992257	0.0222824	0.125996	0.0164992
	1.16	-240.405	0	1.00334	0.0370395	0.0439875	0.0605028	0.0743667	0.0349091	0.103165	0.0992257	0.0222824	0.125996	0.0164992
	1.17	-240.377	0	1.00334	0.0370395	0.0439875	0.0605028	0.0743667	0.0349091	0.103165	0.0992257	0.0222824	0.125996	0.0164992
	1.18	-240.349	0	1.00334	0.0370395	0.0439875	0.0605028	0.0743667	0.0349091	0.103165	0.0992257	0.0222824	0.125996	0.0164992
	1.19	-240.32	0	1.00334	0.0370395	0.0439875	0.0605028	0.0743667	0.0349091	0.103165	0.0992257	0.0222824	0.125996	0.0164992
	1.2	-240.29	0	1.00334	0.0370395	0.0439875	0.0605028	0.0743667	0.0349091	0.103165	0.0992257	0.0222824	0.125996	0.0164992
	1.21	-240.26	0	1.00334	0.0370395	0.0439875	0.0605028	0.0743667	0.0349091	0.103165	0.0992257	0.0222824	0.125996	0.0164992
	1.22	-240.229	0	1.00334	0.0370395	0.0439875	0.0605028	0.0743667	0.0349091	0.103165	0.0992257	0.0222824	0.125996	0.0164992
	1.23	-240.197	0	1.00334	0.0370395	0.0439875	0.0605028	0.0743667	0.0349091	0.103165	0.0992257	0.0222824	0.125996	0.0164992
	1.24	-240.164	0	1.00334	0.0370395	0.0439875	0.0605028	0.0743667	0.0349091	0.103165	0.0992257	0.0222824	0.125996	0.0164992
	1.25	-240.131	0	1.00334	0.0370395	0.0439875	0.0605028	0.0743667	0.0349091	0.103165	0.0992257	0.0222824	0.125996	0.0164992
	1.26	-240.097	0	1.00334	0.0370395	0.0439875	0.0605028	0.0743667	0.0349091	0.103165	0.0992257	0.0222824	0.125996	0.0164992
	1.27	-240.062	0	1.00334	0.0370395	0.0439875	0.0605028	0.0743667	0.0349091	0.103165	0.0992257	0.0222824	0.125996	0.0164992
	1.28	-240.027	0	1.00334	0.0370395	0.0439875	0.0605028	0.0743667	0.0349091	0.103165	0.0992257	0.0222824	0.125996	0.0164992
	1.29	-239.99	0	1.00334	0.0370395	0.0439875	0.0605028	0.0743667	0.0349091	0.103165	0.0992257	0.0222824	0.125996	0.0164992
	1.3	-239.953	0	1.00334	0.0370395	0.0439875	0.0605028	0.0743667	0.0349091	0.103165	0.0992257	0.0222824	0.125996	0.0164992
	1.31	-239.915	0	1.00334	0.0370395	0.0439875	0.0605028	0.0743667	0.0349091	0.103165	0.0992257	0.0222824	0.125996	0.0164992
	1.32	-239.877	0	1.00334	0.0370395	0.0439875	0.0605028	0.0743667	0.0349091	0.103165	0.0992257	0.0222824	0.125996	0.0164992
	1.33	-239.837	0	1.00334	0.0370395	0.0439875	0.0605028	0.0743667	0.0349091	0.103165	0.0992257	0.0222824	0.125996	0.0164992
	1.34	-239.797	0	1.00334	0.0370395	0.0439875	0.0605028	0.0743667	0.0349091	0.103165	0.0992257	0.0222824	0.125996	0.0164992
	1.35	-239.756	0	1.00334	0.0370395	0.0439875	0.0605028	0.0743667	0.0349091	0.103165	0.0992257	0.0222824	0.125996	0.0164992
	1.36	-239.714	0	1.00334	0.0370395	0.0439875	0.0605028	0.0743667	0.0349091	0.103165	0.0992257	0.0222824	0.125996	0.0164992
	1.37	-239.671	0	1.00334	0.0370395	0.0439875	0.0605028	0.0743667	0.0349091	0.103165	0.0992257	0.0222824	0.125996	0.0164992
	1.38	-239.628	0	1.00334	0.0370395	0.0439875	0.0605028	0.0743667	0.0349091	0.103165	0.0992257	0.0222824	0.125996	0.0164992
	1.39	-239.583	0	1.00334	0.0370395	0.0439875	0.0605028	0.0743667	0.0349091	0.103165	0.0992257	0.0222824	0.125996	0.0164992
	1.4	-239.538	0	1.00334	0.0370395	0.0439875	0.0605028	0.0743667	0.0349091	0.103165	0.0992257	0.0222824	0.125996	0.0164992
	1.41	-239.492	0	1.00334	0.0370395	0.0439875	0.0605028	0.0743667	0.0349091	0.103165	0.0992257	0.0222824	0.125996	0.0164992
	1.42	-239.445	0	1.00334	0.0370395	0.0439875	0.0605028	0.0743667	0.0349091	0.103165	0.0992257	0.0222824	0.125996	0.0164992
	1.43	-239.397	0	1.00334	0.0370395	0.0439875	0.0605028	0.0743667	0.0349091	0.103165	0.0992257	0.0222824	0.125996	0.0164992
	1.44	-239.348	0	1.00334	0.0370395	0.0439875	0.0605028	0.0743667	0.0349091	0.103165	0.0992257	0.0222824	0.125996	0.0164992
	1.45	-239.298	0	1.00334	0.0370395	0.0439875	0.0605028	0.0743667	0.0349091	0.103165	0.0992257	0.0222824	0.125996	0.0164992
	1.46	-239.248	0	1.00334	0.0370395	0.0439875	0.0605028	0.0743667	0.0349091	0.103165	0.0992257	0.0222824	0.125996	0.0164992
	1.47	-239.196	0	1.00334	0.0370395	0.0439875	0.0605028	0.0743667	0.0349091	0.103165	0.0992257	0.0222824	0.125996	0.0164992
	1.48	-239.143	0	1.00334	0.0370395	0.0439875	0.0605028	0.0743667	0.0349091	0.103165	0.0992257	0.0222824	0.125996	0.0164992
	1.49	-239.09	0	1.00334	0.0370395	0.0439875	0.0605028	0.0743667	0.0349091	0.103165	0.0992257	0.0222824	0.125996	0.0164992
	1.5	-239.035	0	1.00334	0.0370395	0.0439875	0.0605028	0.0743667	0.0349091	0.103165	0.0992257	0.0222824	0.125996	0.0164992
	1.51	-238.98	0	1.00334	0.0370395	0.0439875	0.0605028	0.0743667	0.0349091	0.103165	0.0992257	0.0222824	0.125996	0.0164992
	1.52	-238.924	0	1.00334	0.0370395	0.0439875	0.0605028	0.0743667	0.0349091	0.103165	0.0992257	0.0222824	0.125996	0.0164992
	1.53	-238.866	0	1.00334	0.0370395	0.0439875	0.0605028	0.0743667	0.0349091	0.103165	0.0992257	0.0222824	0.125996	0.0164992
